--- Pupil Size Total ---
Mean:  4.8399957786493206e-17
Median:  -0.1862141344549699
Variance:  0.9999922208651952
--- Street ---
Mean:  1.033741247875718
Median:  0.9544537251572908
Variance:  0.897196269569737
--- River ---
Mean:  -0.39038349527139277
Median:  -0.4978876977467857
Variance:  0.5638999081996464
