--- Blink Rate Total ---
Mean:  0.23114609215545537
Median:  0.1582501780943394
Variance:  0.04104983159987579
--- Street ---
Mean:  0.11751032112773542
Median:  0.0
Variance:  0.03923752699989603
--- River ---
Mean:  0.23648311511809916
Median:  0.1715071265916509
Variance:  0.05012632060594811
