Scoring groups split at 15104.5 which is 25.0% percentile
Split Ratio 3/9
Manhattan Distance
-----High Scorers-----
n = 9
Mean: 2.936420706145717
Variance: 4.685090030357949
Median: 2.4791537025513377
-----Low Scorers-----
n = 3
Mean: 2.574765392262419
Variance: 3.1292869381372825
Median: 2.177165354330709
